6.259883576320944112e-32
4.875650629401206970e-03
3.206333611160516739e-03
1.504344679415225983e-02
6.071098008084533916e-32
-1.162353553809225559e-03
2.165813930332660675e-03
1.983477175235748291e-02
1.420627534389495850e-02
-1.729118265211582184e-02
1.334426552057266235e-02
-6.933864671736955643e-03
-5.885782499171751113e-32
9.943830780684947968e-03
-1.501638256013393402e-02
-2.012474089860916138e-02
-8.636997081339359283e-03
-6.181887175155183691e-32
-7.682933937758207321e-04
1.499666739255189896e-02
-5.763856698621410985e-32
1.027277088724076748e-03
1.346101425588130951e-02
-4.759631119668483734e-04
4.745036363601684570e-03
1.359448116272687912e-02
-1.914888387545943260e-03
2.816707827150821686e-02
-9.999420726671814919e-04
-7.294559385627508163e-03
3.504438558593392372e-03
-1.603572282555740247e-15
9.201448410749435425e-03
-3.796419361606240273e-03
-2.324306219816207886e-02
3.263355232775211334e-03
-6.685194477116534655e-32
7.295780815184116364e-04
9.516964666545391083e-03
-5.740620701788706828e-32
-5.904384697273513812e-32
8.081199598386490379e-11
-6.172938724409549028e-32
6.840851088063720323e-32
1.478440221399068832e-02
4.280401393771171570e-03
2.580688335001468658e-03
3.136848099529743195e-03
3.723381552845239639e-03
-1.812979928217828274e-03
-2.039508149027824402e-02
7.125754840672016144e-03
-3.147264197468757629e-02
8.564348332583904266e-03
-1.413020864129066467e-02
9.688596241176128387e-03
2.858207188546657562e-02
4.087331684521727578e-32
-1.496415119618177414e-02
-8.011865429580211639e-03
1.352650113403797150e-03
-1.127535591901959164e-31
-6.596184335649013519e-03
6.543008443682596992e-32
1.387826283462345600e-03
-5.450067297877032502e-32
7.168562733568251133e-04
3.883471712470054626e-02
-3.731238469481468201e-02
-2.559234621003270149e-03
-7.155565015115020535e-32
8.918487466871738434e-03
-6.218433294522248610e-32
-1.183079089969396591e-02
6.272811075444112219e-32
-2.230379916727542877e-02
1.409206166863441467e-02
4.069269634783267975e-03
-3.097224282100796700e-03
6.348334236495742547e-32
9.522615931928157806e-03
-1.853815279901027679e-02
9.986576624214649200e-03
-6.450384778562379437e-32
-7.143732625991106033e-03
1.234879344701766968e-02
-4.216331903948903937e-32
-5.912025998301034092e-32
-2.540134359151124954e-03
-6.275557617994808494e-32
-6.422117078160980478e-32
-6.097425555059900689e-32
6.449903413625717710e-32
6.677755620330572128e-03
-6.142742037778450695e-32
1.393605023622512817e-03
6.018478766711500449e-32
5.787549540400505066e-03
-6.626853516990873704e-32
1.695312932133674622e-02
5.152450408786535263e-03
1.700466684997081757e-02
-6.232775501096631340e-32
6.627159145522087499e-32
6.446831259139843661e-32
-2.611581701785326004e-03
4.140094388276338577e-03
4.376941360533237457e-03
7.514346390962600708e-03
-1.057605631649494171e-02
-1.840813830494880676e-02
-3.214434534311294556e-02
-3.125536814332008362e-02
-6.404220176669711150e-32
-6.210568360984325409e-03
-6.203054889677616034e-32
2.363975346088409424e-02
2.406339859589934349e-03
-2.480896655470132828e-03
3.073772881180047989e-03
-9.915842911672122513e-30
6.363020862914916207e-32
1.239716168493032455e-02
-3.685847157612442970e-03
-4.004499203347222647e-07
5.830627128736818560e-32
-2.780340239405632019e-02
1.123688649386167526e-02
1.561349909752607346e-02
2.870508842170238495e-02
1.166758421648761423e-12
-2.539651095867156982e-02
1.451463345438241959e-02
1.020797248929738998e-02
6.092126426526393817e-32
2.978802693740087090e-15
1.432976219803094864e-03
6.260072346776723862e-03
-1.529350876808166504e-02
2.571994625031948090e-02
2.233325876295566559e-02
1.012823637574911118e-02
-6.371522322297096252e-03
3.050608217777675893e-16
-1.752448827028274536e-02
1.006155088543891907e-02
1.027869246900081635e-02
9.738817425386514515e-06
-1.017570309340953827e-02
5.952682233665749139e-32
