-6.000443744634009503e-32 5.937494258905949773e-32 5.951520257499961308e-32 -6.761856692194111780e-32
2.098220773041248322e-02 1.055193785578012466e-02 -8.450867513414641819e-32 3.327486047055572271e-05
2.447266876697540283e-01 2.265374362468719482e-01 -2.592077851295471191e-01 -2.265124917030334473e-01
2.297375053167343140e-01 2.531253695487976074e-01 -6.441413760185241699e-01 -2.509311139583587646e-01
-8.300254948726834588e-32 -7.136032413234581995e-32 -6.165574252301647396e-32 -5.788254083872727563e-32
2.813530564308166504e-01 2.649324834346771240e-01 1.568658053874969482e-01 -2.226935774087905884e-01
1.744009107351303101e-01 1.896986514329910278e-01 -4.107504189014434814e-01 1.981881856918334961e-01
-2.619462311267852783e-01 1.910758018493652344e-01 3.704797327518463135e-01 1.760937422513961792e-01
6.833471059799194336e-01 -3.214892745018005371e-01 -3.275147825479507446e-02 3.549611940979957581e-02
-1.329738795757293701e-01 -1.293769478797912598e-01 3.055149316787719727e-01 1.924243718385696411e-01
5.281350389122962952e-02 -5.617522448301315308e-02 4.875206053256988525e-01 -1.846155524253845215e-01
3.008932769298553467e-01 2.496263682842254639e-01 -3.432831764221191406e-01 -2.756998240947723389e-01
5.917121766311848709e-32 -6.047270737593366148e-32 5.712069707248759698e-32 -2.445146974639791068e-32
3.048940598964691162e-01 2.808397710323333740e-01 -1.419641822576522827e-01 -2.883222401142120361e-01
1.809155046939849854e-01 -6.980801820755004883e-01 4.188627302646636963e-01 1.783942878246307373e-01
-5.012046694755554199e-01 3.590890169143676758e-01 -3.688007891178131104e-01 1.661426126956939697e-01
4.977040588855743408e-01 -4.694223701953887939e-01 -5.472280732173956352e-31 -9.334980912302276111e-32
5.934702459822746841e-32 -5.945028589947545225e-32 5.407408020138516277e-32 1.503840485860073788e-32
1.442407965660095215e-01 1.136845201253890991e-01 2.296412304758632672e-07 8.297340898231146137e-32
2.034311145544052124e-01 2.076721638441085815e-01 -5.001968145370483398e-01 -6.665808707475662231e-02
-6.676411771074365934e-32 -6.213469769625901501e-32 9.795199763537625633e-31 -1.275444284484004970e-32
2.830077409744262695e-01 2.674527764320373535e-01 -2.182382345199584961e-02 -4.236091673374176025e-01
-7.344550639390945435e-02 -6.466969251632690430e-01 3.077601082623004913e-02 1.804407835006713867e-01
2.827284038066864014e-01 2.609224021434783936e-01 1.718701124191284180e-01 -2.308537214994430542e-01
2.286696732044219971e-01 2.352709621191024780e-01 -1.547699719667434692e-01 -1.602462679147720337e-01
2.723185122013092041e-01 2.810853421688079834e-01 -5.548253655433654785e-01 -4.040586352348327637e-01
2.738650143146514893e-01 2.612976133823394775e-01 1.960354298353195190e-01 -1.347937732934951782e-01
5.989176034927368164e-02 -4.351246729493141174e-02 4.720635790020882037e-31 -5.120371934026479721e-03
-1.650419682264328003e-01 5.042515993118286133e-01 -1.287173926830291748e-01 -6.648656725883483887e-02
2.434395551681518555e-01 2.996796369552612305e-01 -1.000690579414367676e+00 -2.077711224555969238e-01
5.393103882670402527e-02 2.988972365856170654e-01 4.584589600563049316e-01 -2.347560226917266846e-01
-1.907620728047731973e-09 -1.524838172395348579e-10 5.569250082359728822e-32 5.682668830293168054e-31
2.718268632888793945e-01 -4.196549355983734131e-01 -1.779298484325408936e-02 5.303996056318283081e-02
2.597175836563110352e-01 2.496023178100585938e-01 2.703218758106231689e-01 -1.834735572338104248e-01
-5.972230434417724609e-01 6.383031606674194336e-01 -2.091580033302307129e-01 -2.672194503247737885e-02
2.376712262630462646e-01 -1.903254687786102295e-01 -6.985517591238021851e-02 -6.387585756111224960e-32
-5.989241871217848514e-32 -6.616851823306902271e-32 -6.131198095506200420e-32 4.367108214999780714e-31
-3.125908672809600830e-01 1.703196167945861816e-01 2.554776966571807861e-01 2.026094943284988403e-01
-2.992024421691894531e-01 3.869751989841461182e-01 -3.713561892509460449e-01 2.040554285049438477e-01
6.233224539938645454e-32 -6.078804549048524833e-32 4.383966214583793303e-32 -5.379187339511150210e-32
-5.978701213374025062e-32 5.971704083250755396e-32 5.886849260295122338e-32 -1.034716677170070027e-31
-3.166793248965404928e-06 3.962011760449968278e-06 -5.984613362211485757e-32 -4.557781862262481668e-32
-8.118187330705373765e-32 5.664100721527579201e-32 -4.606399720865316068e-32 3.882517721839397622e-31
-3.811240975355395267e-32 3.823458182017079006e-32 6.703094787541421367e-31 -1.387755716738969608e-32
2.459820359945297241e-01 2.170357853174209595e-01 -5.577526092529296875e-01 -2.736898362636566162e-01
2.458602190017700195e-02 3.170461356639862061e-01 -2.597279548645019531e-01 -3.264257609844207764e-01
1.678746193647384644e-01 1.914501190185546875e-01 -8.173601031303405762e-01 1.961507648229598999e-01
2.562438249588012695e-01 3.297654688358306885e-01 -2.268892377614974976e-01 -4.390864819288253784e-02
2.487075775861740112e-01 2.530109286308288574e-01 -5.512881278991699219e-01 -2.363366037607192993e-01
1.370520610362291336e-02 -9.578182362020015717e-03 2.274559810757637024e-02 -4.037814680486917496e-03
3.094709515571594238e-01 2.703722417354583740e-01 -2.672800421714782715e-01 -1.939326077699661255e-01
3.048526942729949951e-01 2.770194709300994873e-01 -1.235622167587280273e-01 -2.446227222681045532e-01
2.663000524044036865e-01 1.178657338023185730e-01 -2.575889527797698975e-01 -2.055418640375137329e-01
3.098739981651306152e-01 2.887792587280273438e-01 -1.759388893842697144e-01 -2.735383212566375732e-01
3.720727860927581787e-01 -6.593462228775024414e-01 4.102452695369720459e-01 1.772551052272319794e-02
3.784075081348419189e-01 -2.892406880855560303e-01 -5.524065345525741577e-02 -7.807729868698401056e-32
-5.301601439714431763e-02 -3.262735307216644287e-01 -3.919180482625961304e-02 -9.263193234801292419e-03
-3.484507324693349459e-32 -4.379567514723016303e-32 -5.014280391426913732e-32 -4.132814793564506643e-32
8.195948600769042969e-01 -7.187990546226501465e-01 -8.494036644697189331e-02 -7.480666637420654297e-01
2.424961924552917480e-01 2.615332305431365967e-01 -4.354851245880126953e-01 -2.678515911102294922e-01
2.415096461772918701e-01 2.306421846151351929e-01 3.121289424598217010e-02 -1.367809325456619263e-01
6.092345068475646763e-32 -6.326983732601757339e-32 5.252546631119661888e-32 -1.044456917400531567e-30
-9.181285649538040161e-02 -9.839019924402236938e-02 2.680293917655944824e-01 1.639959365129470825e-01
6.341507553053342112e-32 -6.520051039011037717e-32 -1.764299471149171321e-34 -2.688560116347614609e-32
1.596024027094244957e-03 9.408453479409217834e-03 1.430736039765179157e-03 5.487928207675492149e-32
1.079781604097544063e-31 -6.399832644005266962e-32 6.406314907602876467e-32 -5.084513827899843766e-32
1.608483679592609406e-02 -3.922212421894073486e-01 -2.098774304613471031e-03 -1.181666273623704910e-02
2.292585074901580811e-01 -1.909122467041015625e-01 4.867878447503751935e-32 -6.582906602740466746e-31
3.931656181812286377e-01 -3.361358344554901123e-01 2.378831952810287476e-01 4.653895273804664612e-02
9.577610529959201813e-03 7.607096340507268906e-04 -7.188986241817474365e-02 1.477671880275011063e-02
-6.444163474710652480e-32 6.194876975478945379e-32 -5.773253012714708941e-32 -4.452609207200060782e-32
5.619522556662559509e-02 -5.360230337828397751e-03 -4.760374724864959717e-01 -7.619346678256988525e-02
6.002095901944090228e-32 6.164268865825059246e-32 -5.281923057792756428e-31 -1.053853160964168473e-30
2.664319872856140137e-01 2.820717990398406982e-01 -4.609725773334503174e-01 -3.006497025489807129e-01
-4.179995610323460797e-32 6.458477469420615475e-32 6.563818220175203948e-32 -5.924615542798340791e-32
3.166671991348266602e-01 -2.025843560695648193e-01 -1.421186774969100952e-01 6.677933782339096069e-02
2.208536714315414429e-01 2.417461425065994263e-01 -1.318442821502685547e-01 -5.479158833622932434e-02
2.698917090892791748e-01 2.489033788442611694e-01 -6.078739650547504425e-03 -3.190183043479919434e-01
7.928692102432250977e-01 3.154239356517791748e-01 -8.867136240005493164e-01 -3.222997784614562988e-01
-4.923780256851456639e-32 6.243387276348679540e-32 -5.787368348879382969e-32 -6.147170124997998252e-32
5.421599745750427246e-02 3.128844201564788818e-01 -3.063415586948394775e-01 -2.736893594264984131e-01
2.886567413806915283e-01 1.742900907993316650e-01 -2.467496544122695923e-01 -2.161718010902404785e-01
3.937655389308929443e-01 1.586476087570190430e+00 -1.353522300720214844e+00 -7.064572572708129883e-01
8.317996449864925209e-31 6.042746259837051163e-32 -6.025924935676784229e-32 -5.012002283375020139e-32
2.245730608701705933e-01 2.049585282802581787e-01 -1.313069909811019897e-01 -7.902280241250991821e-02
2.899368107318878174e-01 3.003331422805786133e-01 -4.463130533695220947e-01 -2.716485857963562012e-01
3.188507267707140064e-32 -4.732440339390709613e-33 8.725883820744322560e-32 -6.919326503177440826e-32
-6.272318543311117680e-32 -6.039519527844043984e-32 6.043758360473109153e-32 -8.175741885110334606e-32
1.582914590835571289e-01 1.852171570062637329e-01 -5.342363715171813965e-01 2.076739221811294556e-01
2.651418798058080561e-12 -7.779220044285169167e-15 5.557667936521076823e-32 9.017945971655277292e-32
4.625783740259810671e-31 6.007101156889891528e-32 5.528592671500662952e-32 8.530128158754711610e-32
6.414264188150312186e-32 -6.244994764873429018e-32 -5.687927992018746968e-32 -8.708616984225093979e-32
-6.290814946921306374e-32 -6.303218175564007741e-32 -6.114102293415016482e-32 -1.071752742582557675e-31
2.338346242904663086e-01 2.308862656354904175e-01 1.708113402128219604e-01 -1.037639975547790527e-01
5.762242157130556573e-32 -5.863369936131797968e-32 -5.449552431351372340e-32 5.345929195392770312e-31
2.228254377841949463e-01 2.247899621725082397e-01 5.624382570385932922e-02 -1.372105926275253296e-01
-5.981463625098457438e-32 5.922576060099664123e-32 5.612981998693370384e-32 8.353801067395491428e-32
2.777480781078338623e-01 -1.338175833225250244e-01 -1.186408326029777527e-01 4.798679798841476440e-02
-6.707119797748071962e-32 5.980344554476474620e-32 -5.520012385585705829e-31 9.395336081998071052e-32
2.563213109970092773e-01 3.400339186191558838e-01 -6.038537025451660156e-01 -8.134899735450744629e-01
2.275559306144714355e-01 2.232988923788070679e-01 2.453617900609970093e-01 -9.913375973701477051e-02
1.899819970130920410e-01 2.518312931060791016e-01 -8.691190928220748901e-02 -1.652502119541168213e-01
9.677111481844979946e-32 6.280272525835956689e-32 -6.189656605066943600e-32 -5.675118042330661090e-32
6.281343401189555793e-32 -6.349619639568366718e-32 6.235987539410253240e-32 -5.394617466107218967e-32
5.919908863417648352e-32 -5.991009814721485235e-32 6.288768411256524772e-32 8.573417266366398417e-31
1.399195343255996704e-01 2.776268124580383301e-01 -4.884518682956695557e-01 -3.544865846633911133e-01
-5.742352828383445740e-02 -1.059404835104942322e-01 3.008565902709960938e-01 1.216098815202713013e-01
-7.031618058681488037e-02 -1.535112857818603516e-01 3.976274430751800537e-01 -1.159287057816982269e-03
2.972080111503601074e-01 1.886757016181945801e-01 -2.525172233581542969e-01 -3.816091418266296387e-01
5.578671768307685852e-02 2.923345565795898438e-01 -4.240640401840209961e-01 -2.697415053844451904e-01
7.620046734809875488e-01 -7.429280281066894531e-01 -4.399311117839427444e-31 -3.324425313621759415e-03
7.229682058095932007e-02 3.616501092910766602e-01 -1.290069967508316040e-01 -3.700868785381317139e-01
-8.418649435043334961e-02 2.216176539659500122e-01 -8.081848025321960449e-01 -4.205645024776458740e-01
2.802818167247540955e-32 5.978270982441624105e-32 -5.946869414100932927e-32 5.727483376923916943e-32
2.933094799518585205e-01 -2.356822043657302856e-01 -1.570796035230159760e-02 -5.227076607273219973e-32
6.190145610716885672e-32 -6.233169879451332217e-32 -5.127303585511301265e-32 5.958936333809864038e-31
2.831687927246093750e-01 2.608323991298675537e-01 -2.371826618909835815e-01 -3.462416678667068481e-02
2.249296009540557861e-01 3.323274552822113037e-01 -1.235852614045143127e-01 -4.672477245330810547e-01
9.740500152111053467e-02 1.628830581903457642e-01 -7.131903171539306641e-01 2.531546950340270996e-01
2.407022118568420410e-01 2.381689548492431641e-01 -9.493289887905120850e-02 -4.818452522158622742e-02
1.098077658740812644e-20 -1.687272754507365633e-22 -6.289972117471766794e-32 -1.001658954838505329e-31
-6.120333588968725428e-32 -6.090846900925523757e-32 3.561181000840847101e-32 -5.419539592036742613e-31
-9.236422926187515259e-02 4.878287613391876221e-01 1.764507405459880829e-02 1.645889692008495331e-02
1.800989848561584949e-03 -3.899706935044378042e-04 1.523879822343587875e-03 -1.892307976980589501e-10
8.573866616679026720e-10 -2.085863981537983136e-10 7.360273207529337541e-16 2.554450316851001472e-32
8.055560518176614753e-32 6.137696816024721437e-32 3.257464411188664800e-32 -8.166952948948106526e-31
-2.126070410013198853e-01 2.468209862709045410e-01 -7.572925686836242676e-01 -3.247061744332313538e-02
1.519735902547836304e-01 2.121523767709732056e-01 3.293113410472869873e-01 -6.122357249259948730e-01
2.917331159114837646e-01 3.367390334606170654e-01 -3.795630633831024170e-01 -4.684453308582305908e-01
2.985612750053405762e-01 2.660500705242156982e-01 -4.708573520183563232e-01 -3.342452645301818848e-01
3.303433304679970206e-09 3.118857616613013306e-09 -5.654030849171260075e-32 -8.128823791338789233e-32
2.224082350730895996e-01 2.061633914709091187e-01 -9.029713273048400879e-02 -4.746839702129364014e-01
1.609427928924560547e-01 2.698321342468261719e-01 -5.192046165466308594e-01 -4.978666827082633972e-02
1.811126619577407837e-01 3.999242484569549561e-01 -2.159880995750427246e-01 -3.505260646343231201e-01
6.064785015673442821e-32 -6.121898171949669893e-32 -1.281774027689595283e-32 -2.319808713989013840e-32
7.078935978659149988e-16 -2.347929166493295181e-15 4.787078666120970480e-18 2.075053538685826972e-17
-2.585586719214916229e-02 -4.373614210635423660e-03 3.683075308799743652e-01 6.465050578117370605e-02
2.068462520837783813e-01 2.153567820787429810e-01 -5.441679954528808594e-01 -1.767025701701641083e-02
2.754594683647155762e-01 -1.842749863862991333e-02 -3.834974765777587891e-01 8.317148685455322266e-02
2.437660843133926392e-01 2.625617384910583496e-01 -3.707879185676574707e-01 -1.658213436603546143e-01
2.626869976520538330e-01 3.089141547679901123e-01 -4.825620055198669434e-01 -2.737701833248138428e-01
3.134161233901977539e-01 2.912585735321044922e-01 -1.166705787181854248e-01 -2.812681496143341064e-01
5.263356566429138184e-01 -3.940699622035026550e-03 -2.312375009059906006e-01 -1.065778210759162903e-01
3.161590184531243297e-13 1.909719127626829938e-13 -6.154152561441882640e-32 -3.482646517135997778e-32
1.649407893419265747e-01 2.043573856353759766e-01 -7.123030424118041992e-01 1.752006411552429199e-01
2.639684975147247314e-01 2.719392776489257812e-01 -4.870650470256805420e-01 -3.957309722900390625e-01
1.906974166631698608e-01 2.212502658367156982e-01 2.361037582159042358e-01 -5.814325809478759766e-02
2.137990122719202191e-06 -2.876227881642989814e-06 -5.017009889309523084e-35 2.661686552246290883e-32
8.980005979537963867e-01 -3.362858593463897705e-01 3.308029472827911377e-02 -3.702076971530914307e-01
-6.189740652913027394e-32 6.064240761789012102e-32 5.534359646785797095e-32 -5.374779588343871879e-31
