-6.114745876572091684e-32
-4.718978703022003174e-02
-1.151173934340476990e-01
6.058589741587638855e-02
-6.023585701918647877e-32
-1.095509007573127747e-01
2.718881666660308838e-01
1.085190415382385254e+00
8.859117515385150909e-03
8.771895170211791992e-01
7.349793910980224609e-01
4.064236879348754883e-01
-4.728079255349158926e-32
4.629904329776763916e-01
6.412127017974853516e-01
5.072140693664550781e-01
-6.353260874748229980e-01
-5.580066981375995511e-32
4.878058098256587982e-03
7.470676302909851074e-02
-5.387114873413095717e-32
-1.937555521726608276e-02
3.926348984241485596e-01
-3.991317003965377808e-02
3.573790192604064941e-01
5.381045937538146973e-01
-1.326349079608917236e-01
-1.042203754186630249e-01
5.071121454238891602e-01
4.675334692001342773e-01
8.401833772659301758e-01
-5.072195234850401605e-32
-1.006527617573738098e-01
1.258374154567718506e-01
-1.043851375579833984e+00
-6.856400966644287109e-01
6.413182145600380270e-32
5.519981980323791504e-01
8.039262294769287109e-01
-3.498212119455998804e-32
-5.845236760276013361e-32
-5.828678159103155208e-32
-2.451179464711417194e-32
-5.147821251657728882e-32
2.561734914779663086e-01
5.046512559056282043e-02
1.909011602401733398e-01
-5.234751701354980469e-01
3.911652863025665283e-01
-1.153398957103490829e-02
5.752336978912353516e-01
4.812681376934051514e-01
4.113249182701110840e-01
4.668515920639038086e-01
3.561186790466308594e-01
-7.140063643455505371e-01
-1.611766666173934937e-01
-8.662876148045897127e-32
-3.170774281024932861e-01
-7.602382916957139969e-03
2.013850063085556030e-01
-5.491400617987821187e-32
8.120270371437072754e-01
-5.410886895669774837e-32
2.240110985596288629e-09
3.985237649164110264e-32
-2.690611183643341064e-01
-4.520739614963531494e-01
-4.562334716320037842e-02
-3.417070955038070679e-02
-4.471853812964547862e-32
-2.936699092388153076e-01
-5.575652412341482410e-32
-1.781021803617477417e-02
-6.180112178685442037e-32
-3.794184029102325439e-01
4.343424141407012939e-01
2.400092929601669312e-01
-7.407435178756713867e-01
-3.376632501991975840e-32
2.958429157733917236e-01
4.711974859237670898e-01
-7.776362299919128418e-01
-5.727531572192300657e-32
2.523016743361949921e-02
5.449649095535278320e-01
-7.824733394483045444e-32
-5.824205403098276404e-32
2.623002827167510986e-01
-5.513432908605283322e-32
5.801491325757337342e-32
-5.726795124981510494e-32
-5.803322158208743055e-32
3.154273331165313721e-01
-4.724461671484503336e-32
3.665593862533569336e-01
-5.583354251328070038e-32
-3.003636896610260010e-01
-5.674748349357327481e-32
5.669972896575927734e-01
2.509564459323883057e-01
3.620182275772094727e-01
-5.973930469551212808e-32
-5.839026035873443805e-32
-5.458963439124055574e-32
-1.132130175828933716e-01
7.751162648200988770e-01
8.140628337860107422e-01
4.030443727970123291e-01
-1.481309384107589722e-01
-9.416622519493103027e-01
-8.789002150297164917e-02
-2.585834562778472900e-01
-5.401117949867266217e-32
-8.274207711219787598e-01
-5.567083058523987935e-32
4.809516072273254395e-01
-4.612617194652557373e-01
4.398252442479133606e-02
1.908658742904663086e-01
-5.637857222398296221e-32
-3.792266439418009607e-32
1.124550700187683105e+00
-6.172362918732687831e-05
-5.429672470890265814e-32
1.072742156177644795e-31
1.357835382223129272e-01
6.914461255073547363e-01
5.848306417465209961e-01
4.731519818305969238e-01
5.595857984737766710e-32
3.743422925472259521e-01
5.014396086335182190e-02
-4.875388741493225098e-01
-6.136062878877078457e-32
-1.014070597309926942e-15
7.653098702430725098e-01
3.097276203334331512e-02
-5.060012340545654297e-01
5.585300326347351074e-01
6.704000830650329590e-01
4.680144190788269043e-01
-6.062669306993484497e-02
-5.935478286094289550e-32
2.487601488828659058e-01
5.018026828765869141e-01
8.397644013166427612e-02
-2.174414462598094448e-32
-1.553289145231246948e-01
-5.036291523146061066e-32
