-7.472127407032988794e-32
-7.318778222353827800e-11
8.461875841021537781e-03
-4.824966192245483398e-02
3.592211553777059994e-34
3.599498048424720764e-02
-2.564611472189426422e-02
-1.407096982002258301e-01
-4.378958046436309814e-02
-1.252439171075820923e-01
-3.428957657888531685e-03
5.532937496900558472e-02
-8.970962050200085871e-32
1.835754327476024628e-02
-1.141147688031196594e-01
-1.660679094493389130e-02
2.976576425135135651e-02
-8.375379029446360749e-32
8.582139669548369954e-32
1.120859105139970779e-02
3.164811652583264393e-32
-2.752202376723289490e-02
4.308108985424041748e-02
2.364585548639297485e-02
-5.651782453060150146e-02
-2.140335366129875183e-02
5.995981767773628235e-02
2.675009891390800476e-03
-6.374406069517135620e-02
-4.794973880052566528e-02
1.181136667728424072e-01
-6.567051417387140649e-32
1.090964395552873611e-02
3.006872348487377167e-02
6.354322284460067749e-02
3.626712784171104431e-02
1.920032048418778878e-32
-9.879338741302490234e-02
-2.615249156951904297e-02
-2.215723538137897423e-32
4.905333517877590187e-32
-4.962043185717897509e-32
-5.258670368940270594e-32
-2.348430825937185718e-32
-8.570288121700286865e-02
-7.212515175342559814e-02
7.284107059240341187e-02
8.867065608501434326e-02
3.182143205776810646e-03
1.683234768279362470e-05
-1.838426478207111359e-02
1.463507208973169327e-02
2.317016944289207458e-02
2.921150065958499908e-02
2.477410435676574707e-02
1.424656528979539871e-02
-2.896578051149845123e-03
-4.735996209801947032e-32
-6.219744309782981873e-02
-2.151499316096305847e-02
-3.339648246765136719e-02
-5.583915549880587680e-32
-1.058546304702758789e-01
-3.267363249116939283e-32
-1.930749324288813379e-32
1.094302015615511452e-31
-8.496333844959735870e-03
3.234941279515624046e-03
1.352959778159856796e-02
-5.374295596993761137e-06
1.156820682663994813e-31
8.562815189361572266e-02
-6.577251769616401049e-32
2.845234982669353485e-02
-1.397843221510551068e-32
1.093154028058052063e-01
-1.912310346961021423e-02
-3.746651858091354370e-02
6.272632628679275513e-02
1.009693928924115993e-31
-1.209678575396537781e-01
1.042859070003032684e-02
8.494976907968521118e-02
-3.048686916654232254e-32
4.017843399196863174e-03
2.271533757448196411e-02
-7.111802888576562840e-31
2.770768313772371286e-32
-4.091142117977142334e-02
-6.110019801534610678e-32
-1.118713036601297568e-31
8.150316530049223938e-33
4.527225180486444010e-32
-2.114954218268394470e-02
6.551191059858670935e-32
-3.657194972038269043e-02
-4.547855694090550567e-32
3.794306889176368713e-02
3.612667359533275588e-32
3.253823518753051758e-02
4.060046747326850891e-02
-4.725487437099218369e-03
3.333343159281418869e-32
6.206778268033845629e-32
3.151430118767091177e-32
-6.631592661142349243e-02
-2.009081654250621796e-02
-4.203392192721366882e-02
-7.057870738208293915e-03
-9.581902064383029938e-03
7.740057259798049927e-02
1.480888426303863525e-01
2.281851880252361298e-02
-3.042087691368715932e-32
2.795369923114776611e-02
4.484962925964918012e-32
1.915302127599716187e-03
2.365232445299625397e-02
-5.762095004320144653e-02
-6.040716543793678284e-02
-1.305658603530365637e-32
7.609784260733208184e-32
-7.790255546569824219e-02
-3.186913885114600453e-32
-4.893168032967342628e-32
-8.886505719829381570e-32
-7.672781066503375769e-05
6.149706896394491196e-03
1.881944946944713593e-02
1.105030067265033722e-02
-3.878150407677787577e-32
2.366206981241703033e-02
-3.495111304800957441e-04
2.806481532752513885e-02
3.247746599390416949e-32
-6.645759623664156557e-17
3.051434084773063660e-02
4.583752155303955078e-02
5.177291482686996460e-02
2.089917846024036407e-02
3.819696977734565735e-02
2.614217996597290039e-02
-6.582423113286495209e-03
3.286354535848824160e-33
-8.709541521966457367e-03
-2.995116449892520905e-02
4.026582464575767517e-02
-7.578688908670906213e-32
2.903113141655921936e-02
-5.019456093053584264e-32
