1.685720906406166162e-32
2.787981401297656703e-08
1.091392338275909424e-02
-1.419392675161361694e-01
1.135765345401501081e-31
4.061124473810195923e-02
-1.116514950990676880e-02
-6.486175954341888428e-02
-5.477730184793472290e-02
-1.186027973890304565e-01
-2.524666674435138702e-02
1.160844345577061176e-03
1.174127956188891681e-31
3.831829875707626343e-02
-2.803351581096649170e-01
5.322161130607128143e-03
-4.330828320235013962e-03
8.026812628332904890e-32
-4.174298576952200581e-32
3.767411410808563232e-02
5.417219283737654500e-32
-1.341976807452738285e-03
-6.172170862555503845e-03
3.675615787506103516e-02
-3.160532563924789429e-02
3.632106631994247437e-02
5.716362223029136658e-02
9.329316206276416779e-03
-7.423403859138488770e-02
-5.550424382090568542e-02
1.047050282359123230e-01
-3.678262001424273170e-32
-6.803235411643981934e-02
4.684703797101974487e-02
5.509302392601966858e-02
1.715180696919560432e-04
4.937579385035759473e-32
-2.434753812849521637e-02
3.744665160775184631e-02
1.726960995121255254e-33
-3.538116332309775292e-32
-6.148413798021168232e-32
-1.100839880095914851e-31
-7.910729034706151532e-32
-6.292229145765304565e-02
-1.341374069452285767e-01
3.957250714302062988e-02
8.494390547275543213e-02
-2.210444584488868713e-02
-1.142940600402653217e-03
-2.175654470920562744e-02
2.728079631924629211e-02
2.373775094747543335e-02
8.940919302403926849e-03
1.010501384735107422e-02
4.216412827372550964e-02
-1.187337376177310944e-02
9.635068280695729682e-31
-1.217932105064392090e-01
2.664237283170223236e-02
-9.695473127067089081e-03
6.376466755046796942e-32
-7.357361912727355957e-02
-9.940532712898149643e-32
5.470006033055680143e-32
-7.363719791517104973e-33
2.136283740401268005e-02
1.281538046896457672e-02
5.585692450404167175e-02
-5.794945172965526581e-04
4.699155629100001131e-32
-4.684661980718374252e-03
-4.907817337440877681e-32
5.748956650495529175e-02
9.882371603408164501e-32
5.072676017880439758e-02
-1.818081550300121307e-02
-2.022922225296497345e-02
8.708729594945907593e-02
7.096666282919894408e-32
-1.451148837804794312e-01
6.936768442392349243e-02
1.083077490329742432e-01
4.474030534628683033e-32
1.297486666589975357e-02
9.051853418350219727e-02
9.731695797124283031e-31
-5.227453353212658516e-32
-3.702266141772270203e-02
-3.721350334600839530e-32
-1.914915415383237166e-32
-3.915497920318525591e-32
5.591746105498590349e-32
3.088300488889217377e-02
-4.972234721739526742e-32
-6.433311384171247482e-03
5.669928234771780691e-32
-4.719843715429306030e-02
-5.890104791899724664e-32
5.417881533503532410e-02
7.518067955970764160e-02
3.913430124521255493e-02
-5.706094669463530011e-32
3.368950352535764486e-32
5.026279837760107643e-32
-1.053388938307762146e-01
-8.019703440368175507e-03
-5.918238684535026550e-02
-7.016034424304962158e-02
-1.139032989740371704e-01
-3.565478697419166565e-02
5.825733393430709839e-02
4.503303766250610352e-02
3.405439754300402229e-32
1.558739785104990005e-02
-4.803111647509320949e-32
3.937815502285957336e-02
8.159018121659755707e-03
-1.033151671290397644e-01
-3.187727183103561401e-02
-5.846551550707408089e-32
-5.472659123805486046e-32
-6.321021169424057007e-02
9.483806725576833465e-32
6.268437648711877898e-32
1.296465649959759938e-32
-8.425743319094181061e-03
5.730354413390159607e-02
4.389099776744842529e-02
1.376691646873950958e-02
6.009372211975680188e-32
3.340597078204154968e-02
-2.470450941473245621e-03
-5.432881042361259460e-02
5.257708814561297963e-32
-4.745277093865603226e-18
1.309316512197256088e-02
1.001546978950500488e-01
-1.512127369642257690e-02
6.217955425381660461e-02
1.141103282570838928e-01
2.724983729422092438e-02
-1.177862868644297123e-03
-6.155893468575450448e-32
-2.663788758218288422e-02
3.756379708647727966e-02
2.804547548294067383e-02
-3.223513489474627786e-32
-9.345366805791854858e-02
-1.201151866017685577e-32
